   1.0000000e+05   0.0000000e+00   4.0000000e+01
   5.0000000e+00   3.0000000e-06   4.0000000e+01
   4.6666667e+00   3.0000000e-06   4.0000000e+01
   4.3333333e+00   3.0000000e-06   4.0000000e+01
   4.0000000e+00   3.0000000e-06   4.0000000e+01
   3.6666667e+00   3.0000000e-06   4.0000000e+01
   3.5000000e+00   3.0000000e-06   4.0000000e+01
   3.3333333e+00   3.0000000e-06   4.0000000e+01
   3.2500000e+00   3.0000000e-06   4.0000000e+01
   3.0000000e+00   3.0000000e-06   4.0000000e+01
   2.7500000e+00   3.0000000e-06   4.0000000e+01
   2.6666667e+00   3.0000000e-06   4.0000000e+01
   2.5000000e+00   3.0000000e-06   4.0000000e+01
   2.3333333e+00   3.0000000e-06   4.0000000e+01
   2.0000000e+00   3.0000000e-06   4.0000000e+01
   1.6666667e+00   3.0000000e-06   4.0000000e+01
   1.3333333e+00   3.0000000e-06   4.0000000e+01
   1.0000000e+00   3.0000000e-06   4.0000000e+01
   6.6666667e-01   3.0000000e-06   4.0000000e+01
   3.3333333e-01   3.0000000e-06   4.0000000e+01
   0.0000000e+00   3.0000000e-06   4.0000000e+01
  -3.3333333e-01   3.0000000e-06   4.0000000e+01
  -6.6666667e-01   3.0000000e-06   4.0000000e+01
  -1.0000000e+00   3.0000000e-06   4.0000000e+01
  -1.3333333e+00   3.0000000e-06   4.0000000e+01
  -1.6666667e+00   3.0000000e-06   4.0000000e+01
  -2.0000000e+00   3.0000000e-06   4.0000000e+01
  -2.3333333e+00   3.0000000e-06   4.0000000e+01
  -2.6666667e+00   3.0000000e-06   4.0000000e+01
  -3.0000000e+00   3.0000000e-06   4.0000000e+01
  -3.3333333e+00   3.0000000e-06   4.0000000e+01
  -3.6666667e+00   3.0000000e-06   4.0000000e+01
  -4.0000000e+00   3.0000000e-06   4.0000000e+01
  -4.3333333e+00   3.0000000e-06   4.0000000e+01
  -4.6666667e+00   3.0000000e-06   4.0000000e+01
  -5.0000000e+00   3.0000000e-06   4.0000000e+01
