   1.6600000e-02   0.0000000e+00
   2.2932000e-02   5.0000000e-04
   3.1320000e-02   1.0000000e-03
   4.2152000e-02   1.5000000e-03
   5.6100000e-02   2.0000000e-03
   7.3560000e-02   2.5000000e-03
   9.5208000e-02   3.0000000e-03
   1.2152600e-01   3.5000000e-03
   1.5309600e-01   4.0000000e-03
   1.9023600e-01   4.5000000e-03
   2.3334000e-01   5.0000000e-03
   2.8232400e-01   5.5000000e-03
   3.3711200e-01   6.0000000e-03
   3.9708800e-01   6.5000000e-03
   4.6164800e-01   7.0000000e-03
   5.2946000e-01   7.5000000e-03
   5.9917200e-01   8.0000000e-03
   6.6906600e-01   8.5000000e-03
   7.3716800e-01   9.0000000e-03
   8.0140600e-01   9.5000000e-03
   8.5968000e-01   1.0000000e-02
   9.0995600e-01   1.0500000e-02
   9.5036800e-01   1.1000000e-02
   9.7941800e-01   1.1500000e-02
   9.9585200e-01   1.2000000e-02
   9.9915000e-01   1.2500000e-02
   9.8916800e-01   1.3000000e-02
   9.6624600e-01   1.3500000e-02
   9.3129200e-01   1.4000000e-02
   8.8570600e-01   1.4500000e-02
   8.3112000e-01   1.5000000e-02
   7.6957400e-01   1.5500000e-02
   7.0314400e-01   1.6000000e-02
   6.3386400e-01   1.6500000e-02
   5.6383600e-01   1.7000000e-02
   4.9487000e-01   1.7500000e-02
   4.2852800e-01   1.8000000e-02
   3.6620000e-01   1.8500000e-02
   3.0874800e-01   1.9000000e-02
   2.5685400e-01   1.9500000e-02
   2.1084000e-01   2.0000000e-02
   1.7072400e-01   2.0500000e-02
   1.3643600e-01   2.1000000e-02
   1.0760800e-01   2.1500000e-02
   8.3740000e-02   2.2000000e-02
   6.4260000e-02   2.2500000e-02
   4.8664000e-02   2.3000000e-02
   3.6388000e-02   2.3500000e-02
   2.6840000e-02   2.4000000e-02
   1.9540000e-02   2.4500000e-02
   1.4000000e-02   2.5000000e-02
   0.0000000e+00   5.0000000e-02
